0 -3694.7616689655 -1552.5703131097 403.9934476392 19490.7577159533 1.0000000000 -19490.7577159533
1 -1270.1044046307 -500.3946398029 6294.6605845755 6456.4692994834 1.0000000000 -25947.2270154367
2 -1197.8310131400 -375.3307740758 -138.7592567522 6435.0412017653 1.0000000000 -32382.2682172020
3 -99.5260323291 28.1146154093 3398.6765129135 3725.9218775601 1.0000000000 -36108.1900947621
4 -81.7010509269 34.0494914262 3479.7923610092 83.2630381839 1.4538548621 -36229.2424676590
5 50.3669885614 80.5141678949 3891.6541541278 435.0069767768 1.0000000000 -36664.2494444358
6 57.2207452441 82.9254824574 3923.6605886742 32.8207292874 1.4538548621 -36711.9660212879
7 174.6902368743 128.6721114582 4275.4147887898 373.6614146895 1.0000000000 -37085.6274359774
8 178.0360636568 129.9176962028 4291.2551677244 16.2377228394 1.4538548621 -37109.2347282768
9 197.4651670008 137.4843478000 4349.3691508300 61.7412285717 1.0000000000 -37170.9759568486
10 207.1786397379 140.9536342803 4397.8839879953 49.5991625581 1.4538548621 -37243.0859404897
11 216.1347637052 144.0769953561 4428.7341541278 32.2753821253 1.0000000000 -37275.3613226150
12 979.4006289610 410.2585380288 7057.8713603849 2750.5980884254 1.0000000000 -40025.9594110404
