0 -3694.7616689655 -1552.5703131097 403.9934476392 19490.7577159533 1.0000000000 -19490.7577159533
1 -1270.1044046307 -500.3946398029 6294.6605845755 6456.4692994834 1.0000000000 -25947.2270154367
2 -1197.8310131400 -375.3307740758 -138.7592567522 6435.0412017653 1.0000000000 -32382.2682172020
3 -99.5260323291 28.1146154093 3398.6765129135 3725.9218775601 1.0000000000 -36108.1900947621
4 -81.7010856969 34.0494757468 3479.7923614687 83.2630300703 1.4538581001 -36229.2427254678
5 50.3669818314 80.5141478776 3891.6541541278 435.0069843913 1.0000000000 -36664.2497098592
6 57.2207235676 82.9254564445 3923.6605873314 32.8207244162 1.4538581001 -36711.9663859025
7 174.6902720952 128.6721234691 4275.4147901576 373.6614397835 1.0000000000 -37085.6278256860
8 178.0360912666 129.9177054552 4291.2551688132 16.2377207872 1.4538581001 -37109.2351675795
9 197.4652046222 137.4843635759 4349.3691538590 61.7412343480 1.0000000000 -37170.9764019275
10 207.1786510828 140.9536398132 4397.8839877609 49.5991535037 1.4538581001 -37243.0865330063
11 216.1347702934 144.0769978487 4428.7341541278 32.2753807351 1.0000000000 -37275.3619137414
12 979.4002621559 410.2582925846 7057.8714905540 2750.5980852399 1.0000000000 -40025.9599989813
