surf   dx(nm)  dy(nm)  dz(nm) dn(1e-6) dpl(nm) dcumopl
  M1     0.00   -0.00   -0.00     0.00   -0.13   -0.13
  M2    -0.02   -0.01    0.05     0.00   -0.06   -0.19
  M3    -0.06   -0.02   -0.00     0.00   -0.06   -0.24
  L1     0.01    0.01   -0.13     0.00    0.14   -0.10
 L1E     0.00    0.00   -0.13     0.00   -0.00   -0.03
  L2    -0.12   -0.04    0.28     0.00   -0.43   -0.46
 L2E    -0.12   -0.04    0.27     0.00    0.01   -0.42
   F    -0.11   -0.04    0.28     0.00   -0.01   -0.43
  FE    -0.06   -0.02    0.03     0.00    0.25   -0.04
  L3    -0.08   -0.01    0.28     0.00   -0.24   -0.28
 L3E    -0.06    0.01    0.28     0.00    0.01   -0.22
   D    -0.03    0.03    0.28     0.00    0.01   -0.21
  EP     2.30    1.71    1.05     0.00    0.07   -0.14
