surf   dx(nm)  dy(nm)  dz(nm) dn(1e-6) dpl(nm) dcumopl
  M1     0.00   -0.00   -0.00     0.00   -0.13   -0.13
  M2    -0.02   -0.01    0.05     0.00   -0.06   -0.19
  M3    -0.06   -0.02   -0.00     0.00   -0.06   -0.24
  L1     0.01    0.01   -0.13     0.00    0.14   -0.10
 L1E     0.01    0.01   -0.13     0.00    0.00   -0.10
  L2    -0.11   -0.04    0.28     0.00   -0.43   -0.53
 L2E    -0.11   -0.04    0.27     0.00    0.01   -0.52
   F    -0.12   -0.04    0.28     0.00   -0.02   -0.54
  FE    -0.07   -0.02    0.03     0.00    0.26   -0.16
  L3    -0.09   -0.01    0.28     0.00   -0.24   -0.41
 L3E    -0.06    0.01    0.28     0.00    0.01   -0.39
   D    -0.03    0.03    0.28     0.00    0.01   -0.38
  EP     2.40    1.78    1.08     0.00    0.07   -0.30
