M1       mirror  1.98350e+04  0.0000000000000e+00  4.18000e+03   2.5580e+03  -1.2150e+00   0.0000e+00   0.0000e+00   0.0000e+00   1.3810e-27   0.0000e+00   0.0000e+00   0.0000e+00   0.0000e+00 m1_protAl_Ideal.txt air
M2       mirror  6.78800e+03  6.1562006000000e+03  1.71000e+03   9.0000e+02  -2.2200e-01   0.0000e+00   0.0000e+00   0.0000e+00  -1.2740e-23   0.0000e+00  -9.6800e-31   0.0000e+00   0.0000e+00 m2_protAl_Ideal.txt air
M3       mirror  8.34450e+03 -6.3900006000000e+03  2.50800e+03   5.5000e+02   1.5500e-01   0.0000e+00   0.0000e+00   0.0000e+00  -4.5000e-25   0.0000e+00  -8.1500e-33   0.0000e+00   0.0000e+00 m3_protAl_Ideal.txt air
none       none  0.00000e+00  3.6305000000000e+03  8.88178e+02   0.0000e+00   0.0000e+00   0.0000e+00   0.0000e+00   0.0000e+00   0.0000e+00   0.0000e+00   0.0000e+00   0.0000e+00   0.0000e+00 none air
L1         lens  2.82400e+03  1.9166314330660e+00  7.75000e+02   0.0000e+00   0.0000e+00   0.0000e+00   0.0000e+00   0.0000e+00   0.0000e+00   0.0000e+00   0.0000e+00   0.0000e+00   0.0000e+00 lenses.txt silica_dispersion.txt
L1E        lens  5.02100e+03  8.2230000000000e+01  7.75000e+02   0.0000e+00   0.0000e+00   0.0000e+00   0.0000e+00   0.0000e+00   0.0000e+00   0.0000e+00   0.0000e+00   0.0000e+00   0.0000e+00 lenses.txt air
L2         lens  0.00000e+00  4.1264202000000e+02  5.51000e+02   0.0000e+00   0.0000e+00   0.0000e+00   0.0000e+00   0.0000e+00   0.0000e+00   0.0000e+00   0.0000e+00   0.0000e+00   0.0000e+00 lenses.txt silica_dispersion.txt
L2E        lens  2.52900e+03  3.0000000000000e+01  5.51000e+02   0.0000e+00  -1.5700e+00   0.0000e+00   0.0000e+00   0.0000e+00   1.6560e-21   0.0000e+00   0.0000e+00   0.0000e+00   0.0000e+00 lenses.txt air
F        filter  5.63200e+03  3.4958000000000e+02  3.75000e+02   0.0000e+00   0.0000e+00   0.0000e+00   0.0000e+00   0.0000e+00   0.0000e+00   0.0000e+00   0.0000e+00   0.0000e+00   0.0000e+00 filter_1.txt silica_dispersion.txt
FE       filter  5.57600e+03  2.1500000000000e+01  3.75000e+02   0.0000e+00   0.0000e+00   0.0000e+00   0.0000e+00   0.0000e+00   0.0000e+00   0.0000e+00   0.0000e+00   0.0000e+00   0.0000e+00 none air
L3         lens  3.16900e+03  4.7500000000000e+01  3.61000e+02   0.0000e+00  -9.6200e-01   0.0000e+00   0.0000e+00   0.0000e+00   0.0000e+00   0.0000e+00   0.0000e+00   0.0000e+00   0.0000e+00 lenses.txt silica_dispersion.txt
L3E        lens -1.33600e+04  6.0000000000000e+01  3.61000e+02   0.0000e+00   0.0000e+00   0.0000e+00   0.0000e+00   0.0000e+00   0.0000e+00   0.0000e+00   0.0000e+00   0.0000e+00   0.0000e+00 lenses.txt air
D           det  0.00000e+00  2.8500000000000e+01  3.17000e+02   0.0000e+00   0.0000e+00   0.0000e+00   0.0000e+00   0.0000e+00   0.0000e+00   0.0000e+00   0.0000e+00   0.0000e+00   0.0000e+00 detectorar.txt air
